1
1000 300
-8815 -4315
48 -9700
-8952 -2054
-2918 -6121
-1149 -2007
-5444 -8841
-8986 -1462
-1675 -6902
-493 -1411
-8877 -2556
-1378 -1813
-1566 -7247
-8623 -6051
-932 -5175
-3079 -8578
-2492 -9829
-1843 -3264
-5172 286
803 -1330
-220 995
-9333 -1886
-8152 -3518
-2194 -1161
-956 -7704
-3731 -2560
-7175 -6975
-5772 -9780
-7561 -5741
-5884 -5375
-5747 -6558
-800 -1789
-3626 -3948
-9493 -1965
-1195 -887
186 -7846
-9350 -1697
-2055 -135
-5428 -232
-659 -276
840 -1982
-4966 -2071
138 -9333
-1241 -7256
-780 -1489
-2713 -2617
-7069 -9301
-1324 -404
-3005 -5515
-5150 -1645
-1046 752
-9798 -7396
-483 -2051
-5702 -5878
-8486 -2538
-1686 -749
-2479 -8586
-6337 -393
-3655 -7401
-934 -5233
-376 -7315
-7780 -3860
-2941 -2564
-8569 -6883
-6779 -2444
-4330 -5295
415 -1589
-7054 -3208
-6757 -8768
-8314 -524
-1569 -5705
-6299 -7668
-5357 -650
-4643 -867
-7521 -4417
-1484 -2865
-4259 -6547
-7903 347
-7602 -3823
-9649 -6072
-1269 485
-9405 -4060
-9491 560
-3837 -5445
-726 -6274
-3398 -4557
-4622 -2845
-9487 -7165
-523 -9467
-8085 -3542
-2469 -2899
-5395 -5515
-2290 841
797 -3643
-5415 -174
-9878 -3925
-6035 -687
-6192 -3761
-4138 -4938
-8099 -7814
-5273 -1743
-8722 -1659
-355 -1957
-6423 -6433
-5581 -5834
-9084 -7377
611 -8968
-7056 -8893
-3985 -9808
-8961 -6485
-1618 -8073
-3039 -1567
-9890 -8037
-6854 -9280
-5799 -1021
-8483 -2552
-1889 -4062
-8018 -6823
-9883 -3173
-7016 -2752
-5208 -8769
-5018 -3694
-8497 -4203
-4435 -1747
-1236 -6258
167 -3296
-7976 -1190
-9339 -4192
-974 -4142
-7196 -7609
-8443 -9441
-9072 -5605
-7492 282
-8331 -4869
-9242 -8985
-5912 -3440
146 -5537
-8126 -1348
-6371 -9622
-2150 -6840
-6998 -8574
-5632 -2442
-8256 -8571
-4806 -7780
-3936 -7065
-9632 -9380
610 -6379
-1878 -832
-2913 -7068
-2977 -2044
-9802 -2239
-452 -9526
254 298
-9612 -4960
-3532 -1145
-2449 -6650
-187 -3304
-2260 -1042
-8283 -810
-1926 -2474
-4455 -2998
-9020 -1484
-6830 -8256
-7167 444
631 -7263
-7872 -5932
-7556 441
-4502 -5209
-7745 -6699
-1943 -3950
-9894 -2201
-9354 -2737
-7881 -4297
-5805 -465
-2366 -543
-5052 -2936
-6029 -9769
909 -9263
-1001 -7008
-5492 -4107
-6384 836
-9329 -436
-5486 -319
163 -1373
-6632 -4637
-1313 -1465
-1203 -39
-7902 -8176
-3448 -9048
-6706 550
-1076 -3989
-9154 -6258
-5691 -3768
159 -3419
-6081 -392
-1425 315
-7556 -7449
-5464 -7252
-5609 -932
-4463 -9029
482 -2462
-8351 -9786
-6490 -7429
-6844 -4359
-7279 -9795
-3054 -314
-2214 -5411
-4195 -284
-5138 -6892
-2724 -1381
-5826 -7982
-4819 -356
-1238 -193
-7356 -2900
-4459 999
352 -4188
-4992 -9181
-3281 -4315
-2587 -9104
-4396 -5842
-2761 -7577
-8801 -6843
-7017 -7084
-620 -6573
-561 -3319
174 -9253
-3336 -1572
-7561 -4130
-6672 -346
-1858 -7186
-8212 -9911
-10 -2492
-6 -4346
-5884 -6186
-6534 -5385
-8483 -9352
-7636 -2289
-4840 -9552
-7758 827
-851 -7995
-3943 -698
-9068 -5923
-2419 -3038
750 -2295
-7287 -95
-1042 -3243
-4497 -2026
961 -377
-4987 -9717
-1502 -4290
-821 -3660
-1133 -3922
-6959 980
-5356 -1823
-8511 -4883
-1857 -5808
241 -3445
-833 -493
-7588 -2986
-3204 -3873
-3577 -2971
217 -2531
603 -777
775 -7800
-8336 -3488
-2533 -5442
-7517 -5369
-7955 -4929
-1452 -6110
-9630 -4096
-4263 -976
-7162 -3158
-2632 -1636
-8269 -814
22 -7859
-1161 892
-2501 -6227
-2072 -2026
-4666 -4897
-8710 -3860
-6412 -7281
-522 -5644
-694 -1865
-162 -2073
-4564 -6437
584 -2251
-9789 -2195
980 -7733
-3131 -6906
-7786 -4928
-8615 -2460
-7236 -3488
-848 -3273
795 -2350
-7430 -1897
-786 -3851
-7770 -9278
-5005 -2418
-3431 -473
-3281 -8782
-6948 191
-7879 206
-2772 -7125
440 -1416
-7984 -117
-2519 -3104
-1199 -7110
-182 -2853
-6041 -8747
-1163 126
-4725 -9241
-9923 -1847
-7582 -4852
-1310 -9047
-5569 878
873 351
-6272 310
-7370 -4605
-5249 -4301
-4386 -6741
-9988 -8237
-4442 -7829
-136 60
-7724 -2125
-549 -1368
-5250 -1628
459 -4576
-9547 -657
-6531 -6042
-8783 448
-7394 -789
387 -7285
-3509 -2478
-995 -7382
-6916 -3412
-1735 255
-6100 -926
-1646 -6877
-1924 -2593
-7695 -3446
-8234 -3770
-8906 -8253
-1982 -1031
-123 798
-3209 -3324
-8359 -5042
-4467 -7212
903 -3951
-2127 -3311
-1196 -7636
-3308 -856
-9582 -274
-7904 919
-5790 -6857
-6696 -9257
-7500 -205
-6130 -7933
-6886 -1225
-1332 -7197
-9467 -1413
-2915 134
109 -9512
-138 -5179
-7517 -6499
-8290 -9548
-6204 -3437
-5507 -1131
-8674 -2320
-3658 -9272
-9325 -5789
-1620 -5082
-5385 -8177
-8495 -4145
-6278 -8529
-1646 -3668
-8693 -6171
-8347 -7834
-6316 -1399
-1272 -5603
-7762 -4503
-4249 -2970
-4165 -5353
-1897 -6994
-4815 -8134
-3505 -7719
-2773 -8916
-9808 946
932 -7493
-4617 459
-3396 195
-9237 -6426
-9517 -3974
-8908 -9328
-9760 -6796
-7766 -9486
877 576
-7974 -2507
-9269 -4984
-4221 -2295
-7564 -8136
-5770 940
-1207 -7173
-2747 -2186
-2740 -2195
-5825 -2235
-5041 -1381
227 -6093
-1680 -4999
-6701 -2575
-7673 -8554
365 -9493
-937 -3855
-6474 800
-2599 -1181
-3617 -5456
-8289 -2742
-223 -8740
-4748 -7876
-8614 -278
-1759 -2703
768 -6896
-5133 -5129
-7450 -7449
-1541 -6155
-8651 992
-9869 -4545
-8414 -9948
-965 -5749
-1594 -8155
-1497 -2780
-8465 -6115
-311 -4425
-2135 -6185
-7688 -3897
-9947 -4650
-9977 -2830
-1622 -9889
-1570 -2977
-3758 -1814
-2436 -317
-4790 623
-3274 -764
-27 341
-1313 -7209
-3085 -1598
-9899 -6612
-3876 -6017
-6412 -8434
-8696 -7712
-1586 -3192
-4602 -6300
-9139 -694
-9169 -6362
-6780 -2472
-3660 -8845
-4829 -7183
-2219 -9777
-5357 -7457
-7546 -8577
-2046 -5256
-3129 -8269
-4579 594
807 -5993
-8898 -6117
-4326 -3714
-9134 -5027
63 -764
-5369 -2528
-2124 -8233
-4740 544
-4458 -5793
-9543 -7006
-6505 -9136
-1593 -5910
-8072 -6767
-6167 -1304
-4821 -6168
-5506 195
-356 -9497
-3543 -2502
-5465 -258
-3008 -6865
-9303 -1799
-5976 -8359
-7711 -7718
-7770 -498
-7663 215
-7540 -6818
-9817 464
-7983 -3649
-2022 -8750
-3321 -2643
-4253 -7347
-6064 -1740
-651 440
785 -4879
-2527 -9451
-372 485
-2293 -2199
611 -8546
-2492 -153
-311 -6437
-8433 -5996
-4302 -1802
-5687 -4304
-7826 -8463
633 -247
-4482 633
-5588 -4846
-1661 -8544
-507 -8134
-635 502
-5023 -2471
-6977 -1265
-925 -207
-4789 -5705
-390 -802
-4394 -4952
-7553 -4867
-1262 -7222
-6164 -1969
-1950 -6735
-6905 -5483
-1733 -5317
-407 -1832
-3849 -3784
-4570 -7876
-5342 -5682
-933 -7662
-8938 -5932
-607 -7256
-1229 -6150
-8731 -2278
-8861 -7450
-9978 -4952
-2747 754
-9112 -1376
-885 196
-6869 -4358
-7031 -8470
-3424 -4886
-1688 -8656
-2135 -8915
-3928 -6059
-4133 -9686
-5336 357
-1328 -1012
-1105 -8446
-4021 -6248
-8735 -8623
-1940 -9595
-7440 -8591
-2145 -2770
-2991 -2193
800 -3052
-7297 -3815
-2251 -4259
225 385
-7156 -3337
-4304 -1438
-1433 -376
-5594 -5416
-4873 -8398
-2271 -3857
-4325 -4375
-3757 -7703
-2004 -5664
-4323 -1873
-3054 -1333
506 -6399
-8243 -4420
-5382 -2867
-9065 -6185
-3141 -7073
-5001 -2385
-7354 -8487
996 857
-153 -7821
-8063 -628
-3191 -6949
-5897 -9370
-5554 120
-1790 842
-6594 -3185
-2031 -6922
821 -5944
-8854 -5541
-8001 482
465 -7504
-4814 -5700
-4944 -6619
-6130 -3204
-1667 -2513
-5563 -1344
-7473 -2505
-2330 -4174
-9992 -7889
-8666 -823
-974 -4553
-9140 712
-4876 -3370
-498 -169
-1379 -3366
584 -6588
234 -4408
-9793 -568
-7793 -4632
-6305 -3441
-9505 -6208
-9321 302
-3465 -7437
639 244
-8670 -8485
-879 -5525
-9280 -4916
-1674 -7987
-7602 -8273
-591 11
-6553 -8090
-3907 -9739
-6470 -4219
-7427 -9830
-1867 -2234
-2780 -6494
-3701 -217
-7290 -681
-6174 -32
503 -9615
-3743 -2753
-3893 -3739
-7349 -4325
-6647 -5260
765 -736
-4640 -3868
-3355 -7180
-582 -9340
-3289 -1069
308 -5501
-6840 -5859
-1636 264
-8852 -7516
-5737 -1752
-4859 -2003
-3017 939
-4929 -7820
-9932 -4558
247 -1238
-8223 -9688
-6209 -2484
-9356 -8524
-2717 -2606
-1780 -4733
101 -5564
-8535 -8688
226 -9645
-5444 -4031
-6537 -7878
-8721 -5956
-5845 -2664
-1113 -6690
-1858 -8935
-4946 -7785
-3367 -4981
-5171 -6180
-8426 -7137
-2110 -2857
-2957 -5505
-6814 -6253
-7856 -5843
-4174 -6779
-3416 604
-388 -6521
-4101 775
-2822 -2656
-5635 -2456
-6481 -8882
495 -65
-527 -3975
-9256 -5127
-3303 -7404
-5238 -422
-1455 -8119
582 -8802
-6152 -8499
-3203 628
-7061 -396
-8868 -7153
-5348 -3617
-8955 -3255
181 -2443
782 -8474
-962 -5644
-5739 -2593
-7777 -7051
-4171 -8952
-1335 -8107
718 -4693
371 -9883
-8132 -7835
-162 -417
-2154 -2658
-8535 -5566
-3427 -2794
-2798 -2203
-692 -6489
46 -6397
-6772 -267
-6625 -1620
-4345 -8449
-6295 -355
-2835 -2099
-6435 -5572
-2531 -4598
-6699 -8650
-1954 -2469
-9245 -6616
-3334 -2625
-6198 -4900
-9197 542
-3352 -3102
-2341 -4206
-3412 473
-3619 -8198
-1817 -9888
-547 799
-6434 -2822
-3294 -8388
-3422 -2949
-1794 -8949
-908 -12
-7367 -3135
-6836 358
681 802
-2069 -8867
-2313 91
-3492 -367
-1155 -9192
-9658 -6241
-2176 -2619
-3871 -4181
-8529 -314
-3046 -2841
-4947 -1625
-4862 -3160
-6992 -5537
-2621 -8905
-6009 -5626
-7656 -4305
-9248 -277
-8983 -5012
-7707 552
-3210 403
-5516 -5183
-5354 -2523
-6274 -2225
-8645 -5524
-2042 -7463
-5481 -5842
-9720 -4472
-4198 -1084
-3575 -9359
-9300 -8061
-8350 -1973
-5237 -4063
90 27
-7275 -5087
-8678 -5686
-9902 -3727
-9425 -7913
-7583 412
-1997 -8453
-6077 -9391
75 -3061
-1889 253
-1799 136
-2564 -7032
-6823 -4715
-8336 -4570
-29 -7067
-6618 -6004
-9678 128
369 -7919
237 -1466
-9860 -4387
-1042 -8684
-9669 -3527
-8199 -3787
-5391 948
-9593 -2858
-9700 -9951
-5997 -9268
-2330 -7877
781 -5271
-4090 -6481
-1542 -7526
-9031 -237
-3910 363
-8845 -7204
-1906 -6684
-5419 -4061
-3466 -5468
-482 -8293
-6789 -6246
25 -9017
-2059 -1257
-4646 -4241
39 -3841
-2263 -9846
-259 -1522
-5564 -8549
-28 -5324
-6098 -2076
-7943 -903
-8928 -3820
-3506 -6853
-4965 -7812
944 -4847
-6499 -3264
445 -5909
-7606 -379
-1372 -8223
-5510 -9598
501 -5564
-3617 -9782
-6887 -9663
706 -4007
-7490 -8547
-9937 -1873
-6165 -7587
-4669 -9508
897 -5383
-1021 -2839
-1141 -4459
-797 -2976
-3347 -4921
-2764 -9274
-9712 -7493
-7578 -2561
-5913 -1358
-4174 -9882
-5836 -8178
-7708 -3259
-5008 -5795
-5 -6059
-5698 -3655
-3253 -8756
-1111 -3992
-1350 303
-8930 -5926
-7223 -9995
-9927 -7298
-4068 -8027
-802 -1235
-2154 -5257
-6729 -6748
-5346 -5233
-8020 -5035
-7420 498
153 -4386
-1493 -8640
335 -6004
-2159 -4393
-6601 -9004
-4534 -7659
-7447 -765
-8694 -5370
-4304 410
164 -6240
-9176 -7962
-464 -7356
-2800 -7740
-9277 -7566
-7262 -5733
-4720 -5214
-5427 -4730
-6853 -6825
-9758 -5243
-3610 -1922
-9945 -4565
965 -4237
-6425 -3417
-6867 -6420
-9474 -6992
764 656
-3124 489
-6670 -5238
-6231 -3137
-9308 -6864
-7540 -1420
-7696 -8871
-445 160
-935 -7093
-555 -9344
-7993 -9300
-1297 -864
-3040 -7315
-9084 -3164
-1403 -1882
-8117 -8284
-3501 -5537
-4837 -8563
-1575 -6335
-332 -7265
792 -6828
834 -1106
-4629 -9440
-5616 -4024
-5303 -3719
-6708 -9453
-8114 -177
-9517 -323
-3901 -8850
-1349 -4704
-8103 -5687
-5103 -6992
-2539 -7322
-5102 -2825
-1255 -4003
549 387
-389 -1858
-4959 -2867
122 -1745
-9277 -8218
-448 -9600
-5483 -2242
-1406 -2242
-9203 -7130
-9974 127
-2904 -7429
883 966
-1602 -9917
-2523 -3002
-5390 -4979
-9293 -4976
-6898 -198
-2892 -8628
-7685 785
-959 -1595
-3285 -54
-6324 -8655
-1573 -8439
-3594 -2705
-272 -2279
-1195 -6398
-3646 -8522
-2828 -1211
-406 -5329
-7352 -4519
-8136 -8003
-3608 -2963
-9618 -9805
-163 -3322
-1616 -1728
-9157 -6478
644 309
-7728 -9045
-8188 -9460
-103 -7619
-4610 -1554
-5177 -8362
-775 611
-1423 -3856
-2130 -3456
-7607 -1714
-4911 98
-8504 412
-1372 -3105
-7627 -8688
-1502 -3352
-4280 -7036
-1434 -2652
-5199 -9931
-8624 -2914
-3089 -7516
-784 -8532
906 -6953
-6143 -9393
-4766 -1161
140 -4256
-6170 -221
-6593 -4270
479 -324
-4602 -4184
-444 -7736
-9758 -1230
-5770 -2533
-1840 321
-8553 -9206
-1557 -7271
-2987 -7644
-6778 -7894
-1977 -7404
-2911 -4139
-1620 -6708
-4518 953
-5319 -3352
-2786 -27
-7305 555
-4394 -9006
-3844 -2161
-986 -1076
